org/h2/table/MetaTable.createColumns: 0.6475358682613491
org/h2/table/TableData.addIndex: -0.9970486225346259
